-,-,-
-330.322266, 319.824219, 916.503906
-182.861328, 238.769531, 895.019531
-308.837891, 341.796875, 913.574219
-356.689453, 409.667969, 891.113281
-376.708984, 369.628906, 853.027344
-,-,-
-116.943359, 135.253906, 963.378906
-116.455078, 101.562500, 983.398438
-133.544922, 105.468750, 993.164062
-91.552734, 108.398438, 971.679688
-99.365234, 93.750000, 992.187500
-,-,-
-103.271484, 275.390625, 958.007812
-125.244141, 294.921875, 953.125000
-134.521484, 246.093750, 956.054688
-102.783203, 280.273438, 940.917969
-123.779297, 283.203125, 942.382812
-114.013672, 269.042969, 947.265625
-121.337891, 268.554688, 957.031250
-,-,-
82.031250, 225.585938, 991.210938
-,-,-
45.410156, 235.351562, 955.078125
-,-,-
95.214844, 266.113281, 967.773438
-,-,-
36.621094, 272.949219, 1022.460938
37.109375, 279.296875, 913.574219
31.738281, 327.148438, 926.757812
22.949219, 276.367188, 981.445312
29.296875, 272.460938, 979.980469
-,-,-
-45.166016, 369.628906, 995.117188
-25.146484, 279.296875, 997.070312
-12.451172, 267.089844, 1046.386719
-,-,-
-90.576172, 385.253906, 1029.785156
-,-,-
-182.861328, -39.794922, 975.585938
-168.701172, 4.882812, 994.140625
-156.494141, -20.263672, 974.609375
-233.154297, 11.718750, 1026.855469
-,-,-
-103.759766, 11.718750, 1013.671875
-,-,-
-119.384766, 9.765625, 972.656250
-54.931641, 98.144531, 956.054688
-136.474609, 24.414062, 1007.812500
-138.916016, 31.738281, 992.187500
-160.888672, 17.089844, 1004.882812
-135.009766, 47.851562, 929.687500
-139.404297, 43.945312, 1001.464844
-195.556641, 20.507812, 1032.226562
-145.263672, 30.273438, 950.195312
-,-,-
-207.763672, 17.089844, 993.164062
-160.400391, 97.167969, 980.957031
-199.462891, 100.097656, 980.957031
-186.279297, 84.472656, 979.003906
-189.697266, 67.871094, 1002.441406
-,-,-
-139.404297, 103.515625, 976.562500
-100.341797, 116.699219, 965.820312
-143.798828, 134.277344, 989.257812
-156.005859, 98.144531, 967.773438
-109.130859, 129.882812, 965.820312
-133.056641, 116.210938, 967.773438
-170.654297, 84.472656, 988.281250
-,-,-
-128.173828, 107.421875, 981.933594
-112.548828, 154.296875, 967.773438
-145.751953, 123.046875, 983.886719
-141.357422, 130.859375, 970.703125
-125.244141, 140.625000, 968.750000
-135.009766, 116.699219, 971.679688
-137.451172, 127.929688, 969.726562
-135.986328, 108.398438, 997.070312
-116.943359, 93.750000, 972.656250
-,-,-
-145.751953, 141.113281, 993.164062
-115.966797, 136.230469, 966.796875
-146.240234, 106.445312, 987.304688
-119.384766, 124.023438, 965.820312
-122.802734, 136.230469, 982.421875
-144.287109, 126.953125, 973.632812
-135.009766, 117.187500, 971.679688
-120.361328, 96.679688, 981.445312
-,-,-
-188.720703, 148.925781, 973.632812
-117.919922, 132.812500, 970.703125
-170.654297, 153.320312, 984.375000
-118.896484, 146.972656, 951.171875
-144.775391, 138.671875, 979.003906
-133.056641, 145.507812, 964.843750
-151.611328, 140.625000, 979.980469
-138.427734, 143.554688, 961.425781
-129.638672, 136.230469, 965.820312
-149.658203, 143.554688, 976.562500
-138.427734, 147.460938, 973.632812
-137.451172, 137.207031, 971.679688
-144.287109, 139.160156, 976.562500
-127.197266, 108.398438, 964.843750
-,-,-
-137.939453, 85.449219, 991.210938
-115.966797, 142.578125, 970.703125
-206.298828, 197.265625, 963.867188
-134.033203, 112.304688, 962.402344
-142.822266, 153.808594, 967.773438
-160.888672, 152.832031, 965.820312
-103.759766, 124.511719, 977.539062
-137.939453, 151.367188, 961.914062
-156.005859, 152.832031, 961.425781
-134.033203, 141.601562, 967.773438
-138.916016, 146.484375, 964.843750
-136.474609, 148.437500, 969.726562
-142.822266, 144.531250, 975.585938
-,-,-
-165.771484, 121.582031, 967.773438
-141.357422, 170.898438, 947.265625
-176.025391, 121.582031, 979.003906
-128.173828, 146.484375, 966.796875
-141.357422, 154.296875, 974.609375
-150.146484, 119.628906, 975.097656
-138.427734, 138.671875, 976.074219
-110.595703, 134.277344, 967.773438
-115.966797, 131.835938, 969.726562
-138.427734, 143.554688, 985.351562
-134.033203, 135.253906, 971.679688
-133.544922, 142.578125, 977.539062
-125.244141, 146.484375, 972.656250
-126.220703, 147.460938, 980.957031
-106.201172, 136.230469, 974.609375
-127.197266, 135.253906, 972.656250
-,-,-
-147.705078, 180.175781, 961.425781
-122.802734, 169.921875, 966.796875
-124.267578, 165.527344, 956.054688
-130.615234, 182.617188, 958.496094
-130.615234, 157.226562, 973.632812
-119.384766, 143.554688, 962.890625
-131.591797, 167.480469, 956.054688
-135.986328, 164.550781, 959.472656
-115.966797, 160.156250, 955.078125
-139.404297, 154.785156, 981.933594
-121.826172, 155.273438, 973.632812
-108.154297, 156.738281, 970.703125
-121.826172, 172.851562, 955.078125
-109.619141, 155.273438, 975.097656
-124.755859, 148.437500, 966.796875
-117.919922, 160.156250, 968.750000
-110.595703, 158.203125, 967.773438
-118.408203, 150.878906, 961.914062
-128.173828, 163.085938, 981.933594
-121.826172, 156.250000, 964.843750
-117.431641, 164.550781, 975.585938
-113.037109, 142.578125, 968.750000
-129.638672, 158.203125, 977.050781
-115.966797, 156.250000, 972.656250
-101.806641, 143.554688, 969.726562
-122.802734, 154.785156, 968.750000
-117.919922, 150.390625, 970.703125
-117.431641, 158.203125, 967.773438
-121.826172, 163.085938, 972.656250
-122.802734, 159.179688, 968.750000
-118.408203, 165.039062, 964.843750
-110.595703, 148.925781, 969.726562
-113.037109, 150.878906, 966.796875
-115.966797, 149.414062, 974.121094
-114.501953, 156.738281, 971.679688
-106.201172, 144.531250, 970.703125
-114.990234, 151.855469, 974.609375
-110.595703, 154.296875, 974.609375
-107.177734, 146.484375, 971.679688
-114.990234, 150.390625, 976.562500
-110.595703, 151.855469, 969.726562
-106.201172, 150.390625, 972.656250
-109.619141, 154.785156, 966.796875
-120.361328, 144.531250, 972.656250
-114.990234, 157.226562, 971.679688
-108.642578, 156.250000, 965.820312
-102.294922, 161.132812, 970.703125
-110.595703, 148.437500, 968.750000
-106.201172, 150.878906, 969.726562
-104.736328, 153.320312, 970.703125
-100.341797, 149.902344, 978.027344
-111.083984, 152.832031, 968.750000
-119.384766, 145.507812, 982.910156
-102.294922, 97.167969, 1000.000000
-,-,-
-134.033203, 175.781250, 948.242188
-112.060547, 180.664062, 985.351562
-145.751953, 176.757812, 979.980469
-100.341797, 172.851562, 960.449219
-141.357422, 162.597656, 974.609375
-140.380859, 186.035156, 974.609375
-114.990234, 180.664062, 958.007812
-116.943359, 166.503906, 970.703125
-113.525391, 178.710938, 953.125000
-117.919922, 183.105469, 963.867188
-131.591797, 175.781250, 970.703125
-106.201172, 170.898438, 965.820312
-93.994141, 157.226562, 963.867188
-124.267578, 171.875000, 972.656250
-114.990234, 171.386719, 972.656250
-91.552734, 161.132812, 954.101562
-115.966797, 170.410156, 973.144531
-117.431641, 167.968750, 968.750000
-114.013672, 174.804688, 975.585938
-114.013672, 163.085938, 966.796875
-104.736328, 159.179688, 968.750000
-106.201172, 159.179688, 971.679688
-106.201172, 162.109375, 968.750000
-93.994141, 149.414062, 972.656250
-106.201172, 163.574219, 978.027344
-104.248047, 161.132812, 966.796875
-114.990234, 149.902344, 974.609375
-118.408203, 169.433594, 984.375000
-112.060547, 155.273438, 971.679688
-113.037109, 165.039062, 979.980469
-93.994141, 159.179688, 962.890625
-97.412109, 157.226562, 973.632812
-107.177734, 157.226562, 971.679688
-104.736328, 165.039062, 972.656250
-102.783203, 152.832031, 975.585938
-104.736328, 159.179688, 970.703125
-103.271484, 160.156250, 972.656250
-104.736328, 155.273438, 979.980469
-103.271484, 162.109375, 968.750000
-102.783203, 141.601562, 980.957031
-105.224609, 159.179688, 970.703125
-104.736328, 149.902344, 973.632812
-88.623047, 149.414062, 973.632812
-102.783203, 149.902344, 967.773438
-99.365234, 154.785156, 984.375000
-96.923828, 155.273438, 972.656250
-92.529297, 150.390625, 974.609375
-98.388672, 151.855469, 972.656250
